	(1)	(2)	(3)	(4)	(5)
VARIABLES	schappy_z	schappy_z	schappy_z	schappy_z	schappy_z
					
m_carpooling_spouse			0.778**		0.784**
			(0.329)		(0.328)
m_carpooling_parents			0.835**		0.830**
			(0.333)		(0.332)
m_carpooling_child			0.055		0.054
			(0.297)		(0.296)
m_carpooling_otherhh			0.457		0.462
			(0.415)		(0.413)
m_carpooling_nonhh			0.674**		0.674**
			(0.298)		(0.298)
m_public	-0.342	-0.450	-0.454	-0.444	-0.448
	(0.312)	(0.322)	(0.322)	(0.322)	(0.322)
m_physical	0.123	0.427*	0.416*	0.435*	0.424*
	(0.234)	(0.251)	(0.251)	(0.252)	(0.252)
ln_eptime	0.682	0.889*	0.887*	0.882*	0.882*
	(0.589)	(0.483)	(0.485)	(0.483)	(0.485)
ln_eptime_sq	-0.137	-0.168**	-0.169**	-0.167**	-0.169**
	(0.094)	(0.077)	(0.077)	(0.077)	(0.078)
age	-0.040	0.014	0.020	0.012	0.017
	(0.074)	(0.075)	(0.075)	(0.075)	(0.076)
age_sq	0.001	0.000	-0.000	0.000	-0.000
	(0.001)	(0.001)	(0.001)	(0.001)	(0.001)
male	-0.118	-0.159	-0.163	-0.162	-0.166
	(0.125)	(0.125)	(0.125)	(0.125)	(0.125)
native	-0.561***	-0.377**	-0.370**	-0.375**	-0.367**
	(0.159)	(0.161)	(0.161)	(0.161)	(0.162)
secondary	0.081	-0.107	-0.135	-0.120	-0.147
	(0.369)	(0.306)	(0.310)	(0.310)	(0.314)
universitary	-0.026	-0.022	-0.053	-0.035	-0.065
	(0.363)	(0.305)	(0.309)	(0.312)	(0.316)
incouple	0.135	0.020	0.027	0.022	0.029
	(0.136)	(0.141)	(0.144)	(0.141)	(0.144)
hhldsize	-0.017	0.015	0.017	0.014	0.015
	(0.073)	(0.066)	(0.066)	(0.066)	(0.066)
nchild	0.006	-0.081	-0.083	-0.078	-0.081
	(0.098)	(0.091)	(0.091)	(0.091)	(0.091)
full_time	-0.092	-0.319	-0.306	-0.328	-0.316
	(0.215)	(0.216)	(0.217)	(0.216)	(0.217)
2.occupation	-0.110	-0.073	-0.065	-0.070	-0.063
	(0.156)	(0.163)	(0.163)	(0.163)	(0.164)
3.occupation	-0.033	-0.003	0.004	-0.000	0.007
	(0.238)	(0.234)	(0.234)	(0.234)	(0.234)
4.occupation	0.327*	0.207	0.208	0.208	0.208
	(0.197)	(0.194)	(0.192)	(0.195)	(0.193)
5.occupation	0.505**	0.475**	0.474**	0.472**	0.472**
	(0.213)	(0.232)	(0.233)	(0.231)	(0.232)
6.occupation	0.607	0.416	0.410	0.428	0.424
	(0.486)	(0.507)	(0.511)	(0.518)	(0.523)
7.occupation	-0.084	-0.200	-0.209	-0.225	-0.234
	(0.275)	(0.300)	(0.302)	(0.308)	(0.310)
8.occupation	0.123	0.211	0.209	0.211	0.209
	(0.229)	(0.261)	(0.261)	(0.261)	(0.262)
9.occupation	0.071	0.468*	0.461*	0.471*	0.465*
	(0.313)	(0.251)	(0.252)	(0.254)	(0.255)
10.occupation	0.212	0.361	0.349	0.367	0.357
	(0.327)	(0.316)	(0.318)	(0.319)	(0.320)
weekday	0.050	-0.058	-0.058	-0.061	-0.061
	(0.202)	(0.183)	(0.185)	(0.186)	(0.187)
avenjoy_nontravelling_hap		0.901***	0.900***	2.069	2.094
		(0.060)	(0.060)	(1.616)	(1.613)
state_1	0.112	-0.250	-0.230	-0.246	-0.227
	(0.606)	(0.471)	(0.476)	(0.475)	(0.480)
state_2	0.234	-0.426	-0.417	-0.428	-0.417
	(0.799)	(0.509)	(0.517)	(0.526)	(0.534)
state_3	-0.229	-0.505	-0.490	-0.470	-0.455
	(0.682)	(0.562)	(0.563)	(0.566)	(0.569)
state_4	1.388	1.110	1.087	1.124	1.099
	(0.946)	(1.170)	(1.190)	(1.176)	(1.196)
state_5	-0.116	-0.857*	-0.852*	-0.846*	-0.841*
	(0.578)	(0.461)	(0.466)	(0.466)	(0.472)
state_6	-0.666	-0.813	-0.812	-0.803	-0.801
	(0.632)	(0.515)	(0.518)	(0.517)	(0.520)
state_7	-0.800	-1.295**	-1.275**	-1.284**	-1.264**
	(0.649)	(0.612)	(0.621)	(0.615)	(0.624)
state_8	1.797	0.781	0.793	0.800	0.813
	(1.534)	(1.666)	(1.662)	(1.664)	(1.660)
state_9	0.370	-0.579	-0.566	-0.583	-0.571
	(1.885)	(1.142)	(1.144)	(1.139)	(1.142)
state_10	-0.115	-0.873*	-0.862*	-0.858*	-0.846*
	(0.618)	(0.485)	(0.489)	(0.489)	(0.493)
state_11	0.207	-0.480	-0.477	-0.469	-0.466
	(0.654)	(0.554)	(0.557)	(0.558)	(0.562)
state_12	1.530	3.188	3.192	3.238	3.242
	(1.154)	(1.963)	(1.972)	(1.990)	(1.998)
state_13	-0.974	-0.929	-0.947	-0.926	-0.944
	(0.689)	(0.758)	(0.764)	(0.757)	(0.763)
state_14	0.247	-0.399	-0.378	-0.405	-0.384
	(0.627)	(0.519)	(0.524)	(0.521)	(0.526)
state_15	-0.198	-0.793	-0.785	-0.784	-0.776
	(0.673)	(0.519)	(0.524)	(0.523)	(0.529)
state_16	-0.209	-0.622	-0.596	-0.612	-0.586
	(0.696)	(0.508)	(0.505)	(0.514)	(0.512)
state_17	-0.322	-1.033	-1.049	-1.027	-1.043
	(0.652)	(0.640)	(0.645)	(0.644)	(0.650)
state_18	-0.162	-0.683	-0.686	-0.679	-0.683
	(0.865)	(0.841)	(0.862)	(0.846)	(0.867)
state_19	0.580	0.733	0.762	0.750	0.779
	(1.080)	(1.248)	(1.238)	(1.255)	(1.245)
state_20	-1.483	-1.015	-1.011	-1.013	-1.008
	(1.327)	(0.720)	(0.718)	(0.722)	(0.720)
state_21	0.170	-0.334	-0.312	-0.337	-0.315
	(0.662)	(0.540)	(0.542)	(0.543)	(0.546)
state_22	-0.101	-1.193**	-1.185**	-1.177**	-1.169**
	(0.605)	(0.488)	(0.492)	(0.493)	(0.497)
state_23	0.043	-0.378	-0.382	-0.370	-0.374
	(0.641)	(0.489)	(0.493)	(0.493)	(0.497)
state_24	0.162	-0.040	-0.021	-0.040	-0.022
	(0.636)	(0.502)	(0.510)	(0.508)	(0.517)
state_25	0.109	-0.609	-0.583	-0.614	-0.589
	(0.887)	(0.885)	(0.899)	(0.882)	(0.896)
state_26	-0.186	-0.522	-0.531	-0.511	-0.521
	(0.640)	(0.492)	(0.493)	(0.497)	(0.498)
state_27	-0.695	-1.393***	-1.418***	-1.397***	-1.419***
	(0.714)	(0.503)	(0.546)	(0.507)	(0.550)
state_28	-0.441	-0.865	-0.856	-0.874	-0.864
	(0.784)	(0.549)	(0.556)	(0.557)	(0.564)
state_29	0.524	0.216	0.254	0.229	0.267
	(0.789)	(0.585)	(0.594)	(0.588)	(0.598)
state_30	1.655*	0.420	0.431	0.418	0.428
	(0.890)	(0.695)	(0.697)	(0.701)	(0.704)
state_31	-0.744	-1.010*	-1.003*	-0.990*	-0.982*
	(0.682)	(0.541)	(0.546)	(0.546)	(0.551)
state_32	-0.032	-0.484	-0.483	-0.460	-0.459
	(1.032)	(0.980)	(0.986)	(0.988)	(0.994)
state_33	-0.374	-1.019**	-1.008**	-1.009**	-0.998**
	(0.614)	(0.496)	(0.500)	(0.500)	(0.505)
state_34	0.212	-0.358	-0.336	-0.346	-0.323
	(0.600)	(0.475)	(0.476)	(0.480)	(0.482)
state_35	0.427	-0.243	-0.245	-0.226	-0.227
	(0.790)	(1.018)	(1.015)	(1.014)	(1.010)
state_36	-0.040	-0.459	-0.446	-0.445	-0.433
	(0.631)	(0.530)	(0.533)	(0.533)	(0.536)
state_37	0.397	-0.674	-0.696	-0.670	-0.694
	(0.785)	(0.655)	(0.669)	(0.653)	(0.666)
state_38	0.092	-0.205	-0.187	-0.195	-0.176
	(0.610)	(0.484)	(0.488)	(0.489)	(0.494)
state_39	0.048	-0.573	-0.567	-0.564	-0.558
	(0.620)	(0.490)	(0.493)	(0.494)	(0.497)
state_40	-0.211	-1.511***	-1.520***	-1.494***	-1.503***
	(0.762)	(0.542)	(0.546)	(0.549)	(0.553)
state_41	0.039	-0.577	-0.598	-0.564	-0.583
	(0.665)	(0.524)	(0.534)	(0.529)	(0.539)
state_42	0.522	-0.426	-0.415	-0.404	-0.393
	(0.697)	(0.491)	(0.495)	(0.495)	(0.499)
state_43	-0.656	-1.418***	-1.407***	-1.391**	-1.379**
	(0.656)	(0.545)	(0.544)	(0.549)	(0.548)
state_44	0.263	-0.336	-0.324	-0.335	-0.323
	(0.591)	(0.459)	(0.463)	(0.463)	(0.467)
state_45	0.123	-0.408	-0.403	-0.394	-0.388
	(0.796)	(0.601)	(0.605)	(0.603)	(0.607)
state_46	1.170*	0.839*	0.827	0.841*	0.830
	(0.614)	(0.503)	(0.509)	(0.503)	(0.509)
state_47	0.274	-0.282	-0.288	-0.272	-0.279
	(0.633)	(0.489)	(0.493)	(0.494)	(0.499)
state_48	-0.279	-0.691	-0.630	-0.686	-0.624
	(0.609)	(0.513)	(0.515)	(0.516)	(0.518)
state_49	2.428**	1.132	1.132	1.187	1.190
	(1.148)	(1.101)	(1.103)	(1.116)	(1.119)
state_50	0.248	-0.509	-0.498	-0.486	-0.475
	(0.664)	(0.546)	(0.550)	(0.553)	(0.558)
o.state_51	-	-	-	-	-
					
year_1	-0.069	0.149	0.148	0.155	0.155
	(0.198)	(0.193)	(0.193)	(0.197)	(0.197)
year_2	-0.261	-0.013	-0.017	-0.007	-0.011
	(0.199)	(0.188)	(0.188)	(0.190)	(0.190)
year_3	0.095	0.105	0.103	0.111	0.110
	(0.212)	(0.193)	(0.194)	(0.194)	(0.194)
o.year_4	-	-	-	-	-
					
month_1	-0.198	0.072	0.055	0.063	0.045
	(0.272)	(0.287)	(0.289)	(0.288)	(0.290)
month_2	-0.345	-0.196	-0.228	-0.205	-0.237
	(0.275)	(0.294)	(0.297)	(0.297)	(0.300)
month_3	0.155	0.357	0.343	0.349	0.335
	(0.288)	(0.269)	(0.271)	(0.270)	(0.272)
month_4	-0.024	0.307	0.294	0.295	0.281
	(0.255)	(0.277)	(0.277)	(0.281)	(0.281)
month_5	-0.244	0.048	0.022	0.036	0.009
	(0.288)	(0.297)	(0.299)	(0.299)	(0.301)
month_6	0.208	0.200	0.204	0.195	0.198
	(0.263)	(0.284)	(0.285)	(0.286)	(0.287)
month_7	0.100	0.040	0.038	0.029	0.026
	(0.249)	(0.267)	(0.268)	(0.270)	(0.271)
month_8	0.061	0.157	0.146	0.153	0.142
	(0.271)	(0.268)	(0.268)	(0.269)	(0.269)
month_9	-0.189	-0.160	-0.190	-0.168	-0.198
	(0.325)	(0.339)	(0.346)	(0.338)	(0.345)
month_10	-0.099	-0.148	-0.162	-0.166	-0.182
	(0.277)	(0.288)	(0.289)	(0.296)	(0.296)
month_11	0.244	0.350	0.332	0.338	0.320
	(0.282)	(0.286)	(0.286)	(0.290)	(0.290)
o.month_12	-	-	-	-	-
					
/cut1	-3.387*	0.451	0.524	5.251	5.365
	(1.890)	(1.699)	(1.705)	(6.751)	(6.729)
/cut2	-2.944	0.972	1.044	5.773	5.887
	(1.880)	(1.697)	(1.702)	(6.760)	(6.738)
/cut3	-2.106	1.954	2.027	6.758	6.872
	(1.857)	(1.675)	(1.680)	(6.761)	(6.740)
/cut4	-0.854	3.489**	3.562**	8.293	8.407
	(1.853)	(1.671)	(1.677)	(6.761)	(6.739)
/cut5	0.021	4.609***	4.683***	9.412	9.527
	(1.852)	(1.673)	(1.679)	(6.761)	(6.739)
/cut6	1.208	6.072***	6.147***	10.875	10.991
	(1.851)	(1.677)	(1.683)	(6.762)	(6.740)
m_carpooling	0.735***	0.646***		0.647***	
	(0.188)	(0.187)		(0.187)	
ln_time_nontravelling				0.728	0.734
				(1.018)	(1.015)
int_nontravelling_hap				-0.174	-0.178
				(0.241)	(0.240)
					
Observations	2,742	2,742	2,742	2,742	2,742
Robust standard errors in parentheses					
*** p<0.01, ** p<0.05, * p<0.1					
